nsw_bbox <- c(140.99,-37.51,153.64,-28.14)
